n_jobs: [1, 2, 3, 4, 5, 6, 7, 8, 9, 10, 11, 12, 13, 14, 15, 16]
thread: [3.319698499981314, 1.54730599996401, 1.1898727000225335, 0.9998451999854296, 1.0021987999789417, 0.9763015999924392, 1.0437306999810971, 0.9608414000249468, 0.9570654999697581, 0.7798091000295244, 0.7207247999613173, 0.8019876999896951, 0.6781354999984615, 0.7519594000186771, 0.578442299971357, 0.603219100041315]
process: [2.7429345000418834, 1.9685981000075117, 1.5130367000238039, 1.1454038000083528, 1.3707154000294395, 1.213915700034704, 1.0845790000166744, 1.1403301000245847, 1.1804571999819018, 1.1010571999941021, 0.8681603000150062, 0.8717188999871723, 0.790024199988693, 0.7552746000001207, 0.7149586000014096, 0.6924856000114232]
